BOT_TOKEN=8981677711:AAFY_LxvsK1qFgNCAcdQwM8EI5AwDH4DZhw
STAFF_CHAT_ID=-5403814602
BANK_CODE=TCB
BANK_ACCOUNT_NUMBER=196666666789
BANK_BENEFICIARY_NAME=Little Dalat
SHOP_LAT=12.245566
SHOP_LNG=109.192793
SHOP_ADDRESS=02 Thi Sách, Phước Hòa, Nha Trang
SHOP_PHONE=0912066973
